-2.77195943267179
1.04594856228335
0.362236896826459
-0.252576521665953
0
0
0
-0.109239703302056
0
0
0
0.0691967568228806
-0.0113413840535855
0
-0.163434332005909
0
-0.157791334358948
-0.0966152454271396
-0.221806288665887
0
-0.193917906745696
-0.0564424791403674
0
-0.131246509627674
-0.0898059345804386
0.177558871568598
-0.893390586571982
0
0
-0.0422732387265035
0
0
-0.0861699490489841
0
0
0
0.0681419663412436
0.157967331643201
0
0
-0.0784839833393873
-0.020599306555759
0.231019573187276
-0.101217832109104
0
0
0
0
0
-0.340150529340853
0
0.0630971089188601
-0.0125732984860244
0
0
-0.193589234636235
-0.0845849750564272
-0.0625641821718514
0
0
0
-0.0973076316022099
0
0.271618465914156
-0.129870971631512
0
-0.197936573400304
0
-0.127514153042263
0.158475064185793
0
-0.300847517130185
0.167544085805206
-0.0216277229864305
0
0
-0.0204591102417754
0.129356383450021
0
0.0874741300322902
0
-0.242622846350493
0
0
0.0848394216126764
0
-0.0349163360347341
0
0
0.0620683604151731
-0.138473204023236
0
-0.078174101463609
0
0.0653667827250481
-0.0779084383048211
0
0
0.095170455149913
0
0
-0.319612622947763
-0.0592528876344352
0
0.0428834419374869
0
0
0
0.0710513425674313
0.164035242686001
0
0
-0.0877067646299047
0
0
0.171924918363673
0
0
-0.103354091427003
0
0.00700905371460327
0
0
-0.0776014849239339
-0.07551776495585
0
-0.040218545581818
0
0
0.0402397947388713
-0.0643726929046263
-0.199685310557833
-0.138748621131939
0
0
-0.0631963123333886
0
0
0
0.0588565682182212
0
0
0
0
0
0
0
0
-0.0914901708195971
-0.255301927249722
0
0
0.0482947392112297
-0.155177120061207
0.000813116954968058
0
0.020085204120656
0
0
0
0.0163657594338741
0
-0.0539180716350204
0.0228021168779651
0.116614085590041
0.0303591824189895
-0.0823856061442845
-0.157654581043191
0.0225198109948454
0
0
-0.0912565891847235
0.0932084357658319
0
0
-0.0941814790357552
-0.0837050007264638
0
-0.225153993222494
0
0.0147893212837272
0
0
0
0.175052107464454
0
-0.127341955640184
-0.224175710096592
-0.0380756951703518
0
-0.0123826995866336
0
0
0
-0.214728005381882
0
0.0243071732863286
0
0
0
0
0
0
0
0
0
0
0
0.00767157417330615
-0.00379675093395658
0.0430945352661019
0.0797633181305278
0
0
0
0
0
0
-0.186133762095125
0
-0.0550861878504754
0.00191293971511378
-0.0444722669793487
0.00399133696541703
0
-0.0478255850639735
0
-0.0781137382079571
0
0.036947416002771
-0.0419833494680081
0
0
0.153696107064373
0
0.109704249202039
0
-0.10522578386069
0.388730124251879
0
0
0.168890862631142
0
0
0
0
0.203773332755114
-0.146802666612193
0
-0.089248446794333
0
0.0754834136553654
0
-0.0684083215557834
0
0.183430029245527
0
0
0
0.225328920803179
0.268955598339651
0
0
-0.105713143789912
0.127926669500015
0.296929896859457
0
-0.239891413708272
0.228017157995455
0.146787822026918
0
0.0930590137959723
-0.0946361365465157
0
-0.0740743553384187
0
0
0
0
0
0
-0.0777942868635945
0
0.349828391792876
0
0
0.0414330344573531
0
0.0305884039001776
0.21213702926607
0
0
-0.260649112519194
0
0
0.113680507212124
-0.345499696564104
0
0.152388797463423
0
0.0372545781846263
